,Alef,Ayin,Bet,Dalet,Gimel,He,Het,Kaf,Kaf-final,Lamed,Mem,Mem-medial,Nun-final,Nun-medial,Pe,Pe-final,Qof,Resh,Samekh,Shin,Taw,Tet,Tsadi-final,Tsadi-medial,Waw,Yod,Zayin,Multi-letter,Noise
Alef,193.0,1.0,0.0,2.0,0.0,0.0,2.0,0.0,0.0,0.0,0.0,0.0,0.0,0.0,0.0,0.0,0.0,0.0,0.0,0.0,1.0,0.0,0.0,0.0,0.0,1.0,0.0,0.0,0.0
Ayin,0.0,194.0,2.0,0.0,0.0,0.0,0.0,0.0,0.0,0.0,0.0,0.0,0.0,2.0,0.0,0.0,0.0,0.0,0.0,0.0,0.0,0.0,1.0,1.0,0.0,0.0,0.0,0.0,0.0
Bet,0.0,0.0,182.0,1.0,0.0,0.0,0.0,10.0,0.0,0.0,0.0,0.0,0.0,0.0,2.0,0.0,0.0,5.0,0.0,0.0,0.0,0.0,0.0,0.0,0.0,0.0,0.0,0.0,0.0
Dalet,0.0,0.0,0.0,120.0,3.0,0.0,0.0,0.0,2.0,0.0,3.0,0.0,0.0,0.0,0.0,0.0,1.0,66.0,0.0,0.0,0.0,0.0,0.0,0.0,1.0,4.0,0.0,0.0,0.0
Gimel,6.0,0.0,0.0,0.0,187.0,0.0,0.0,0.0,0.0,0.0,0.0,0.0,0.0,0.0,0.0,0.0,0.0,0.0,0.0,0.0,1.0,0.0,0.0,0.0,0.0,6.0,0.0,0.0,0.0
He,1.0,0.0,0.0,0.0,0.0,185.0,9.0,0.0,0.0,0.0,0.0,0.0,0.0,0.0,0.0,0.0,0.0,1.0,0.0,0.0,2.0,0.0,0.0,0.0,0.0,1.0,0.0,0.0,1.0
Het,6.0,0.0,0.0,0.0,0.0,0.0,192.0,0.0,0.0,0.0,0.0,0.0,0.0,0.0,0.0,0.0,0.0,0.0,0.0,0.0,2.0,0.0,0.0,0.0,0.0,0.0,0.0,0.0,0.0
Kaf,0.0,1.0,0.0,0.0,0.0,0.0,0.0,184.0,0.0,0.0,0.0,0.0,0.0,4.0,6.0,0.0,2.0,0.0,0.0,0.0,1.0,0.0,0.0,1.0,0.0,0.0,0.0,0.0,1.0
Kaf-final,0.0,0.0,0.0,1.0,0.0,0.0,0.0,0.0,131.0,1.0,0.0,0.0,0.0,0.0,0.0,57.0,1.0,3.0,2.0,0.0,0.0,0.0,1.0,0.0,1.0,0.0,0.0,0.0,2.0
Lamed,0.0,4.0,0.0,1.0,0.0,0.0,0.0,0.0,0.0,174.0,0.0,0.0,8.0,8.0,0.0,1.0,1.0,3.0,0.0,0.0,0.0,0.0,0.0,0.0,0.0,0.0,0.0,0.0,0.0
Mem,0.0,0.0,1.0,0.0,0.0,0.0,1.0,0.0,0.0,0.0,185.0,4.0,0.0,0.0,0.0,0.0,2.0,0.0,6.0,1.0,0.0,0.0,0.0,0.0,0.0,0.0,0.0,0.0,0.0
Mem-medial,0.0,0.0,6.0,0.0,0.0,0.0,0.0,8.0,0.0,0.0,1.0,180.0,0.0,0.0,3.0,0.0,0.0,0.0,2.0,0.0,0.0,0.0,0.0,0.0,0.0,0.0,0.0,0.0,0.0
Nun-final,0.0,0.0,0.0,0.0,0.0,0.0,0.0,0.0,0.0,0.0,0.0,0.0,113.0,0.0,0.0,0.0,0.0,0.0,0.0,0.0,0.0,0.0,4.0,1.0,17.0,0.0,65.0,0.0,0.0
Nun-medial,0.0,0.0,0.0,0.0,0.0,0.0,0.0,0.0,0.0,0.0,0.0,0.0,0.0,200.0,0.0,0.0,0.0,0.0,0.0,0.0,0.0,0.0,0.0,0.0,0.0,0.0,0.0,0.0,0.0
Pe,0.0,0.0,0.0,0.0,0.0,0.0,0.0,15.0,0.0,0.0,0.0,0.0,0.0,0.0,185.0,0.0,0.0,0.0,0.0,0.0,0.0,0.0,0.0,0.0,0.0,0.0,0.0,0.0,0.0
Pe-final,0.0,0.0,0.0,0.0,0.0,0.0,0.0,0.0,2.0,0.0,0.0,0.0,0.0,0.0,0.0,184.0,0.0,12.0,0.0,0.0,0.0,0.0,0.0,0.0,1.0,1.0,0.0,0.0,0.0
Qof,0.0,1.0,0.0,1.0,0.0,0.0,0.0,0.0,1.0,0.0,1.0,0.0,0.0,0.0,0.0,0.0,182.0,0.0,0.0,0.0,0.0,0.0,14.0,0.0,0.0,0.0,0.0,0.0,0.0
Resh,0.0,0.0,0.0,99.0,11.0,2.0,0.0,0.0,1.0,0.0,0.0,0.0,0.0,0.0,0.0,0.0,2.0,82.0,0.0,0.0,0.0,0.0,0.0,0.0,2.0,0.0,0.0,0.0,1.0
Samekh,0.0,8.0,2.0,0.0,2.0,0.0,0.0,0.0,0.0,1.0,7.0,0.0,0.0,0.0,0.0,0.0,13.0,0.0,156.0,5.0,0.0,4.0,0.0,0.0,0.0,1.0,1.0,0.0,0.0
Shin,0.0,0.0,0.0,0.0,0.0,0.0,0.0,0.0,0.0,0.0,0.0,0.0,0.0,0.0,0.0,0.0,0.0,0.0,0.0,200.0,0.0,0.0,0.0,0.0,0.0,0.0,0.0,0.0,0.0
Taw,1.0,0.0,0.0,0.0,3.0,0.0,0.0,0.0,0.0,0.0,0.0,0.0,0.0,0.0,0.0,0.0,0.0,0.0,0.0,0.0,192.0,0.0,0.0,3.0,0.0,1.0,0.0,0.0,0.0
Tet,0.0,1.0,0.0,0.0,0.0,0.0,0.0,0.0,0.0,0.0,1.0,0.0,0.0,0.0,0.0,0.0,0.0,0.0,0.0,0.0,0.0,198.0,0.0,0.0,0.0,0.0,0.0,0.0,0.0
Tsadi-final,0.0,0.0,0.0,0.0,0.0,0.0,0.0,0.0,0.0,0.0,0.0,0.0,0.0,0.0,0.0,0.0,1.0,0.0,0.0,0.0,0.0,0.0,191.0,8.0,0.0,0.0,0.0,0.0,0.0
Tsadi-medial,0.0,2.0,0.0,0.0,0.0,0.0,1.0,0.0,0.0,0.0,0.0,0.0,0.0,5.0,0.0,0.0,0.0,0.0,0.0,0.0,0.0,0.0,5.0,187.0,0.0,0.0,0.0,0.0,0.0
Waw,0.0,0.0,0.0,4.0,0.0,3.0,0.0,0.0,1.0,0.0,1.0,0.0,8.0,0.0,0.0,0.0,0.0,1.0,0.0,0.0,0.0,0.0,2.0,0.0,151.0,0.0,29.0,0.0,0.0
Yod,0.0,0.0,0.0,0.0,6.0,0.0,0.0,0.0,0.0,0.0,0.0,0.0,0.0,0.0,0.0,0.0,0.0,13.0,0.0,0.0,0.0,0.0,0.0,0.0,0.0,181.0,0.0,0.0,0.0
Zayin,0.0,0.0,0.0,0.0,0.0,0.0,0.0,0.0,3.0,0.0,0.0,0.0,26.0,0.0,0.0,0.0,0.0,0.0,0.0,0.0,0.0,0.0,1.0,0.0,0.0,0.0,170.0,0.0,0.0
Multi-letter,1.0,2.0,0.0,0.0,0.0,0.0,0.0,0.0,0.0,1.0,0.0,1.0,0.0,0.0,0.0,0.0,0.0,0.0,0.0,1.0,1.0,0.0,0.0,0.0,0.0,0.0,0.0,244.0,1.0
Noise,0.0,0.0,5.0,2.0,0.0,0.0,0.0,3.0,7.0,0.0,0.0,3.0,0.0,0.0,0.0,0.0,7.0,6.0,0.0,16.0,0.0,0.0,0.0,0.0,0.0,0.0,0.0,6.0,145.0
